{
 "cells": [
  {
   "cell_type": "code",
   "execution_count": 14,
   "metadata": {},
   "outputs": [
    {
     "name": "stdout",
     "output_type": "stream",
     "text": [
      "Matriz Polinomial: [[0.36673333 0.18336667 0.10959047 0.07270238 0.05168729 0.03860872\n",
      "  0.02993129 0.02388734 0.01951394 0.01625054]\n",
      " [0.18336667 0.14292381 0.10603571 0.08025872 0.06241824 0.04977256\n",
      "  0.040554   0.03365535 0.02837174 0.02424253]\n",
      " [0.10959047 0.10603571 0.08978253 0.074323   0.06167732 0.05166511\n",
      "  0.04375636 0.03746265 0.03240104 0.02828431]\n",
      " [0.07270238 0.08025872 0.074323   0.06564557 0.05722067 0.04981696\n",
      "  0.04352325 0.03822854 0.03377881 0.0300274 ]\n",
      " [0.05168729 0.06241824 0.06167732 0.05722067 0.05183716 0.04655355\n",
      "  0.04172504 0.03744181 0.03369039 0.03042019]\n",
      " [0.03860872 0.04977256 0.05166511 0.04981696 0.04655355 0.04289054\n",
      "  0.03927331 0.03588819 0.03280114 0.03002217]\n",
      " [0.02993129 0.040554   0.04375636 0.04352325 0.04172504 0.03927331\n",
      "  0.03662079 0.03399162 0.03149276 0.02917019]\n",
      " [0.02388734 0.03365535 0.03746265 0.03822854 0.03744181 0.03588819\n",
      "  0.03399162 0.03198295 0.02998718 0.02807003]\n",
      " [0.01951394 0.02837174 0.03240104 0.03377881 0.03369039 0.03280114\n",
      "  0.03149276 0.02998718 0.02841402 0.02684845]\n",
      " [0.01625054 0.02424253 0.02828431 0.0300274  0.03042019 0.03002217\n",
      "  0.02917019 0.02807003 0.02684845 0.02558368]]\n",
      " \n",
      "Matriz Senoidal: [[ 5.43480220e+00 -2.84217094e-16 -5.32907052e-16  1.27897692e-15\n",
      "   0.00000000e+00  1.42108547e-15 -3.69482223e-15 -1.98951966e-15\n",
      "  -1.70530257e-15  5.11590770e-15]\n",
      " [-2.84217094e-16  2.02392088e+01 -2.13162821e-15  4.12114787e-15\n",
      "   1.84741111e-15  1.70530257e-15  6.82121026e-15  8.52651283e-15\n",
      "   1.13686838e-15 -2.84217094e-16]\n",
      " [-5.32907052e-16 -2.13162821e-15  4.49132198e+01  2.13162821e-15\n",
      "   3.69482223e-15 -3.97903932e-15 -1.47792889e-14  1.50635060e-14\n",
      "   3.04112291e-14 -2.55795385e-14]\n",
      " [ 1.27897692e-15  4.12114787e-15  2.13162821e-15  7.94568352e+01\n",
      "   1.39266376e-14  2.27373675e-15  2.27373675e-14 -1.30739863e-14\n",
      "  -2.72848411e-14  2.44426701e-14]\n",
      " [ 0.00000000e+00  1.84741111e-15  3.69482223e-15  1.39266376e-14\n",
      "   1.23870055e+02  2.55795385e-14 -2.95585778e-14 -1.76214598e-14\n",
      "   2.10320650e-14  5.68434189e-15]\n",
      " [ 1.42108547e-15  1.70530257e-15 -3.97903932e-15  2.27373675e-15\n",
      "   2.55795385e-14  1.78152879e+02 -1.64845915e-14  5.17275112e-14\n",
      "  -4.54747351e-15 -6.36646291e-14]\n",
      " [-3.69482223e-15  6.82121026e-15 -1.47792889e-14  2.27373675e-14\n",
      "  -2.95585778e-14 -1.64845915e-14  2.42305308e+02  2.72848411e-14\n",
      "  -1.03455022e-13  1.60298441e-13]\n",
      " [-1.98951966e-15  8.52651283e-15  1.50635060e-14 -1.30739863e-14\n",
      "  -1.76214598e-14  5.17275112e-14  2.72848411e-14  3.16327341e+02\n",
      "   1.70530257e-13 -1.01181286e-13]\n",
      " [-1.70530257e-15  1.13686838e-15  3.04112291e-14 -2.72848411e-14\n",
      "   2.10320650e-14 -4.54747351e-15 -1.03455022e-13  1.70530257e-13\n",
      "   4.00218978e+02  1.13686838e-14]\n",
      " [ 5.11590770e-15 -2.84217094e-16 -2.55795385e-14  2.44426701e-14\n",
      "   5.68434189e-15 -6.36646291e-14  1.60298441e-13 -1.01181286e-13\n",
      "   1.13686838e-14  4.93980220e+02]]\n"
     ]
    }
   ],
   "source": [
    "import numpy as np\n",
    "\n",
    "\n",
    "def phi_poly(x, i):\n",
    "    return x**i * (x - 1)\n",
    "\n",
    "def dphi_poly(x, i):\n",
    "    return i * x**(i-1) * (x - 1) + x**i\n",
    "\n",
    "def phi_sin(x, i):\n",
    "    return np.sin(i * np.pi * x)\n",
    "\n",
    "def dphi_sin(x, i):\n",
    "    return i * np.pi * np.cos(i * np.pi * x)\n",
    "\n",
    "def trapezoidal_rule(f, a, b, n):\n",
    "    h = (b - a) / n\n",
    "    result = 0.5 * (f(a) + f(b))\n",
    "    for i in range(1, n):\n",
    "        result += f(a + i * h)\n",
    "    return result * h\n",
    "\n",
    "def a_mv(n, basis_type='poly', intervals=5):\n",
    "    A = np.zeros((n, n))\n",
    "    f = np.zeros(n)\n",
    "    for i in range(1, n+1):\n",
    "        for j in range(1, n+1):\n",
    "            if basis_type == 'poly':\n",
    "                integrand_A = lambda x: dphi_poly(x, i) * dphi_poly(x, j) + phi_poly(x, i) * phi_poly(x, j)\n",
    "                integrand_f = lambda x: phi_poly(x, j) * x\n",
    "            elif basis_type == 'sin':\n",
    "                integrand_A = lambda x: dphi_sin(x, i) * dphi_sin(x, j) + phi_sin(x, i) * phi_sin(x, j)\n",
    "                integrand_f = lambda x: phi_sin(x, j) * x\n",
    "            A[i-1, j-1] = trapezoidal_rule(integrand_A, 0, 1, intervals)\n",
    "        f[i-1] = trapezoidal_rule(integrand_f, 0, 1, intervals)\n",
    "    return A, f\n",
    "\n",
    "def solve_system(A, f):\n",
    "    return np.linalg.solve(A, f)\n",
    "\n",
    "n_poly = 10\n",
    "n_sin = 10\n",
    "intervals = 100\n",
    "\n",
    "A_poly, f_poly = a_mv(n_poly, basis_type='poly', intervals=intervals)\n",
    "A_sin, f_sin = a_mv(n_sin, basis_type='sin', intervals=intervals)\n",
    "\n",
    "print(f'''Matriz Polinomial: {A_poly}''')\n",
    "print(\" \")\n",
    "print(f'''Matriz Senoidal: {A_sin}''')"
   ]
  },
  {
   "cell_type": "code",
   "execution_count": 2,
   "metadata": {},
   "outputs": [
    {
     "ename": "NameError",
     "evalue": "name 'A' is not defined",
     "output_type": "error",
     "traceback": [
      "\u001b[1;31m---------------------------------------------------------------------------\u001b[0m",
      "\u001b[1;31mNameError\u001b[0m                                 Traceback (most recent call last)",
      "Cell \u001b[1;32mIn[2], line 1\u001b[0m\n\u001b[1;32m----> 1\u001b[0m \u001b[43mA\u001b[49m\n",
      "\u001b[1;31mNameError\u001b[0m: name 'A' is not defined"
     ]
    }
   ],
   "source": [
    "A"
   ]
  }
 ],
 "metadata": {
  "kernelspec": {
   "display_name": "Python 3",
   "language": "python",
   "name": "python3"
  },
  "language_info": {
   "codemirror_mode": {
    "name": "ipython",
    "version": 3
   },
   "file_extension": ".py",
   "mimetype": "text/x-python",
   "name": "python",
   "nbconvert_exporter": "python",
   "pygments_lexer": "ipython3",
   "version": "3.8.5"
  }
 },
 "nbformat": 4,
 "nbformat_minor": 2
}
